position: 
  x: 0.07177496126296712
  y: 0.008382902170742449
  z: 1.415731433792112
orientation: 
  x: 2.885693243459604e-13
  y: -1.1715515534637423e-13
  z: 0.008586523785623981
  w: 0.99996313512513
---
